19 1194
5912 7472 2686 3549 2256 6342 7075 6357 5582 4152 2367 7330 4943 5191 2605 1634 3840 4491 6912
251 5939 6709 601 3843 9280 971 6506 1014 7393 2948 781 5584 447 6927 3438 4983 9109 3210
7224 1303 5070 1198 8192 5924 7599 489 2455 2263 1081 6572 8538 1905 3253 481 1953 7136 6451
6385 7467 8218 4333 4606 6779 7908 9405 9433 5347 4510 7284 1775 4464 6341 685 8031 7106 4663
6834 9051 9283 9966 3015 1627 249 7014 4036 786 9306 3833 9913 7322 5841 2603 256 5463 6021
5924 1480 1642 989 418 3469 8171 9272 9593 1055 7707 6679 3316 2296 8414 7553 6686 9043 42
4461 893 8854 363 5071 5565 9804 757 2551 2965 4797 5274 9356 6669 2356 5817 4972 902 2657
3363 737 4203 6428 4340 3497 545 1112 4363 7249 7049 3059 2976 3992 4361 813 6145 5747 3467
1230 10 1717 8212 3324 6086 3913 5568 3028 2164 744 8028 9302 1515 1553 8280 1417 2900 6031
7391 3639 6934 4319 1809 905 1881 9038 4373 4486 8888 122 2014 8229 933 6602 2706 9905 6821
7359 857 6130 3796 807 8039 4131 3732 1679 6077 2206 6877 3869 4706 6074 6276 7028 1815 9979
5294 3819 4149 1499 1794 6504 9126 8821 6302 9919 5547 194 4598 7682 255 5866 5082 9947 7472
7200 6054 2343 8040 5438 4003 2055 9058 4424 9048 1367 7454 7276 8641 1481 4414 1630 9331 9485
9971 9452 3710 6478 4535 5669 489 5848 8646 5584 7769 8552 8806 7840 9093 4249 3299 5237 9498
2064 3544 5866 2271 8270 2397 8708 8697 9313 7384 2645 5382 4298 119 1014 2454 6217 5190 1980
8762 6705 5761 5429 2305 561 6000 8867 4132 5615 7804 911 7309 342 1546 3012 8232 4168 3325
1844 7627 4940 4935 2056 1139 4174 7036 0 6447 4433 3539 126 8211 4323 7749 4220 8472 5427
8253 9749 3416 1401 6972 5819 9040 7512 5864 8485 8929 4168 1914 8907 9725 7590 139 9474 7198
4816 4501 5439 9456 2294 870 7925 7333 1558 3820 5609 3983 7723 7799 3027 7766 6779 9320 4627
