81 315
6945 2816 3208 5516 7931 6730 3599 4077 755 295 1967 7021 7244 9394 4160 3278 4149 6319 4784 4463 4412 502 7317 1438 2464 7297 7878 7145 5061 2028 7732 7194 6651 6306 5061 6259 3578 4946 9755 9732 706 3583 3591 806 6851 2593 8260 7840 7305 3073 8157 7887 2931 7828 9783 6663 2228 5321 9852 7244 1678 3925 2266 8664 8026 1610 1148 5204 1122 1258 9326 5243 4626 4707 643 8145 820 379 5268 7576 9329
4805 8374 1327 5361 7568 5445 943 5347 9987 9670 3654 6787 2995 2003 2076 3360 6744 9982 6892 554 78 1360 9133 1009 5626 6845 3937 4042 4079 8976 5621 2330 5456 1249 8967 4920 7738 6389 8732 7887 3791 9942 3427 199 7059 464 6244 9572 9444 992 9761 4052 5427 2345 6191 2348 577 3663 6462 7894 478 9347 2536 7520 2672 2172 2653 3071 8060 2156 6769 7165 2170 5309 1568 5367 7354 8364 5481 8230 8098
7467 8221 8084 2342 8694 5028 7227 6939 4084 5295 476 2583 8188 8748 8025 3002 3424 7493 5595 8395 1702 8596 8029 6747 7097 7048 1648 4218 1124 9939 1203 1083 6535 5515 8204 2863 3074 3299 7197 5393 6585 4179 1791 2069 8770 854 416 887 8977 4759 5729 351 659 2551 2523 8988 60 1665 8004 631 8447 4287 838 9728 671 8703 2053 282 8359 344 9465 1737 6463 6194 4894 3296 2672 8204 8545 8413 3442
7966 7505 9445 9094 4298 9565 1428 2421 7582 7269 4067 7435 9817 8747 3667 5455 7040 6021 3873 5279 6356 7229 2902 280 8476 777 8090 953 1838 8981 2614 648 7381 6363 6483 2124 9552 4107 6905 5716 6544 2559 1913 9279 9006 5681 4737 3165 5085 3779 9922 3572 2892 3511 1430 6297 9837 8380 8738 8256 1214 7507 5825 4423 5274 9744 4935 8650 4668 2695 3417 3783 4304 9113 613 5051 890 6609 1473 6322 5326
5969 9441 8114 979 693 6054 1385 6969 4548 5136 5085 3429 7076 890 4848 9064 2998 4198 6334 8355 7145 4489 7110 7361 8225 6904 3892 9338 1149 6238 9972 6303 724 8928 7083 1378 736 3437 4223 8952 9660 7624 572 4088 6785 2583 7822 7389 3158 514 5318 6298 5068 5762 4129 5397 3310 1055 9375 938 3903 5924 9043 8957 5736 7740 2771 4836 6582 3380 2493 9796 2800 8326 7956 2231 1960 414 669 6817 9231
680 9437 2359 6986 6289 6657 4974 4760 9569 2923 9021 682 3283 9666 4535 3829 281 2811 2175 1613 7085 6671 3850 6959 2484 7634 5760 2564 3567 5944 6006 4370 2812 2065 6051 1535 8077 6711 5258 3563 6676 3377 6269 7476 4327 8878 465 7072 7562 9116 8275 9881 6185 483 8102 7389 4442 2382 6205 1487 4883 5656 6409 1512 8588 4128 3111 1642 1451 6043 150 8015 6976 6937 6686 7552 9739 6370 674 993 539
7735 1628 2859 9725 7857 5189 3419 4712 2649 4641 8148 5070 1127 5912 5589 7065 3415 5101 7178 9950 3170 2179 7650 2211 9044 2473 1006 2861 3907 632 2325 7099 6984 9836 5157 6503 7892 1737 3449 6968 6607 5948 4400 6240 2506 4447 1492 4796 9916 97 5769 6622 7115 360 6430 9130 7445 4181 7676 6117 2199 7186 5730 2644 2462 1529 7068 9907 4621 2262 4094 8695 1280 7430 7870 4907 1534 4034 7217 4692 1486
8774 3023 4300 5965 5099 8526 886 6475 3001 2728 4389 9156 8700 7214 5295 896 9057 9058 7730 5717 2359 7099 5207 5468 9093 7487 1869 6025 3030 896 7456 5800 8436 7988 5751 8188 3040 204 1390 7723 1840 7192 783 5331 2211 5250 283 5846 7810 4100 5139 5353 9489 4157 4169 7459 9515 8290 6784 7589 7644 4474 1890 3173 1906 3956 1912 9139 546 4931 8266 777 3758 1820 82 2317 2163 8532 1837 6298 8381
9845 2176 3162 8568 4342 5049 4939 4346 2415 7188 5109 714 7733 3982 7989 4633 7488 4998 8573 6422 6442 1387 9 4140 7061 7675 495 9263 2506 8082 5228 3413 6625 2411 9569 7863 6594 1537 3831 848 3904 3815 2754 2353 6560 6847 6721 7930 637 1059 3728 3784 5217 4858 4349 8773 6450 2679 2580 1725 5281 390 3729 2141 8653 982 4037 3156 9321 310 5933 8407 5297 8856 4887 1928 3751 7435 1916 1373 2641
7401 5832 4183 887 1138 7158 5051 4320 2499 5826 6825 4447 8584 9095 8816 742 2395 395 231 2974 3829 7078 5165 8616 2089 6803 4345 2465 1737 2638 9593 9568 5573 2367 7522 3469 4592 8534 922 5884 7023 2968 2218 7698 2569 2742 7820 4791 3780 7102 6268 5377 6329 1590 1368 9605 8291 6016 6225 360 8687 8582 4927 5463 936 184 2362 3601 4326 3090 8053 8322 2732 5370 8431 8147 9943 9741 8640 6275 4867
4024 6412 491 797 9280 7777 3630 4869 6451 5272 8063 9086 7900 675 1778 2515 517 6670 2828 2573 9478 1648 7831 7748 2267 8747 3665 283 6044 113 1561 5223 8373 6097 8807 9292 1914 2321 9875 1974 3318 4085 5782 7694 5640 4907 2135 5202 478 4769 2227 6446 1637 2799 7786 2590 7209 7994 2172 5329 6965 2093 4637 5483 3373 6708 1917 2755 9165 4774 9729 6508 1079 6022 8199 3704 2593 8001 3518 1750 9149
4686 1959 1781 828 7564 2235 458 4717 2928 1887 5201 3581 2321 5208 7336 994 3968 5199 7218 2436 4117 2313 9168 5978 6898 2745 9907 5446 4751 2486 7054 5393 5557 757 5764 5102 5571 4787 8741 9485 6189 6625 3248 6842 9177 8407 1862 3734 6760 5639 5490 6459 9502 4851 7701 9633 7376 129 8437 8599 449 6358 5684 1830 4736 4879 7070 6493 7371 7567 8432 2654 7503 8493 3551 5393 988 7112 9752 6176 2759
7548 1060 8063 5985 5247 6571 2309 4808 2352 1814 7710 7860 5000 7855 144 9730 9374 9046 5629 8429 5029 7829 3272 4340 3303 1362 7861 7441 6472 6612 388 4538 334 7552 6744 7118 3965 7910 279 2180 7997 6457 526 8318 7189 8195 7843 2979 1044 3987 4570 3051 1727 7281 1148 5667 5162 11 6188 207 6110 3353 5166 6594 6552 1411 4804 3878 1968 7608 4021 5918 642 6871 9172 4466 9555 5753 6057 4344 9574
5054 5093 8018 1049 2015 2530 1528 1815 2484 5697 2486 4080 7194 689 2554 4421 2943 9169 8553 5072 8673 6170 2876 8473 2924 255 4280 7061 1380 2203 7980 2262 9095 9401 8743 6278 4339 6887 8471 301 6096 2959 7752 8745 3912 8339 3951 3850 5020 9058 46 1964 1306 8696 1608 4409 2404 3275 3465 5756 1625 2370 1190 3115 3310 9028 2234 6159 9896 7510 5914 8152 7733 3397 749 6310 2940 3540 6521 5405 6608
7282 8234 4827 9020 1296 2478 6919 6584 108 2616 822 7149 7719 2487 2929 231 9919 2485 8113 1683 2648 8138 908 6337 7059 4180 5513 2295 855 4772 5899 6494 9976 211 2609 9560 3905 1956 7705 2405 156 3635 964 9775 1836 8101 758 565 8951 8913 7921 9251 1047 7513 1627 656 6769 6135 5107 2156 9531 7180 8543 9218 1727 1326 7212 9065 186 6544 1900 6773 9798 7751 3024 1091 9119 2426 9401 6288 2258
6439 4738 8078 4908 80 9277 1133 3035 3162 5382 3052 1777 9762 5771 7519 2629 1735 8083 676 2270 1720 9562 4967 8367 4983 8382 4667 298 8884 6549 8813 7624 9347 9518 2370 2689 3858 676 4229 4690 6576 9239 1770 9116 2628 1482 2364 4238 1454 9443 2894 8468 9044 8353 9769 4858 9388 9429 9589 9785 3777 9990 8209 9945 2985 825 4043 1164 2007 9275 8900 7659 2284 8503 3062 3518 8016 6101 1255 8454 1027
433 2772 9231 2513 7464 7797 7078 7433 3300 3273 6853 9656 6966 5257 7763 8660 7119 2678 8614 3457 9096 227 2280 1073 3136 7673 1390 6451 6475 734 6872 1390 9506 731 746 8465 7199 9591 3144 6354 6821 8334 3745 6450 8804 739 9847 6282 6185 5569 1260 3722 4836 1936 1821 8297 2666 7560 9918 241 9047 295 2309 6191 1358 9393 9083 3556 3457 3575 2783 9206 5318 2253 509 6854 5908 8168 731 8451 5836
4236 1179 4088 6978 9020 9171 1696 5027 3311 8974 9853 380 2764 947 4301 1290 3197 5444 5614 3930 8047 1735 9531 116 2681 7445 7050 8257 9751 9057 5862 5808 9834 1304 7320 2282 5365 1489 8285 4360 791 3116 4313 4319 3206 763 4331 1933 8685 6286 9981 8310 529 412 5427 8963 2634 8785 5287 7731 3558 5605 7233 3487 296 6891 461 9882 5113 6208 323 7694 1659 2305 8542 2779 421 4417 6590 8982 1076
2146 6886 4641 3869 4748 2266 1194 7853 774 4080 3199 542 6464 3894 55 9101 3777 7864 3678 9567 9537 7792 5384 6091 7918 9741 6936 9464 9144 8749 2810 4361 5728 3529 2855 405 2012 2905 9279 931 2929 4788 8743 6771 5775 973 8391 3310 5686 4731 7362 3006 327 4465 2855 1202 5965 5277 8203 1662 5337 2671 8695 8689 2123 1994 377 2190 8604 8342 7508 1618 1581 3190 7001 52 1247 557 285 6253 3496
4192 1179 1769 4143 7144 4389 1631 4917 9369 7854 8602 7306 6018 4994 6467 5490 2581 4250 5261 512 4317 2010 5725 5193 6608 2600 5581 6657 6931 7277 3682 427 3906 8427 4644 6268 8157 8014 9500 272 8937 9144 8827 4685 8263 8994 3446 475 3435 3679 4434 9181 1287 9123 3610 4575 9568 2870 4967 32 5269 5547 4944 9610 4799 2037 7101 4063 6585 6810 9478 3350 6998 6116 7457 1616 1076 4036 9928 2786 607
9246 9068 8961 7864 8339 2327 6116 9724 5001 2590 76 7536 4938 2846 5544 5870 9628 5642 5696 3952 9654 7175 3325 6497 1203 5281 8331 2020 1741 407 4710 3488 8733 2470 4382 9122 9339 3220 1463 5725 2346 2524 1618 6962 4141 3860 2810 2367 8241 4492 4031 5724 3490 8855 1004 3183 6581 5439 686 2186 32 8736 8340 2251 3565 9114 8307 82 7262 4486 7326 9255 2092 1620 5196 9470 2063 7744 6268 463 4681
6920 3360 956 9432 4729 3162 4014 6652 7306 1028 3232 6947 6407 8114 1745 442 4647 2134 7470 1515 8753 4188 8439 7992 1465 5827 8241 2227 6928 7008 78 9760 7893 8599 2401 8441 3258 4906 5605 8327 3597 7577 3342 8139 4926 7186 8146 8499 6834 6345 5510 7911 8798 8531 185 805 6289 3823 1596 2786 6177 6324 2191 196 5658 8171 1826 3512 916 7399 7004 3037 972 6220 5351 8666 585 4508 7789 2833 7122
1591 8377 1998 3100 4704 4153 9901 4162 4185 6019 1599 4261 738 6824 7490 6885 3074 6707 3036 474 6479 1831 8760 4412 3333 429 7569 232 3935 4369 4015 5231 8002 6827 2851 3183 150 2573 457 5868 7973 2324 6320 5148 2178 2156 8718 6199 3882 5586 4870 5564 6435 950 5571 4945 5870 7823 9903 6938 5838 1198 1108 2200 1172 2593 1987 9645 4001 7047 5600 3417 296 2523 1560 4386 1790 741 9449 7805 4366
8723 9019 7722 1862 9405 6993 9875 8591 2843 5573 9592 5476 3666 3383 6132 4437 9864 8959 8667 827 390 6463 6811 2269 8050 6252 1267 6648 2855 6210 1889 3310 9198 5492 4730 7935 7358 8194 7911 1315 2034 2831 4143 4596 4818 7738 6381 7586 4820 4484 8153 9000 7514 6256 9453 1241 2489 4193 4994 5426 9194 8912 4314 7744 341 533 8635 3289 4373 1103 9419 2453 9648 2032 6093 8187 9529 1095 4343 468 3521
1594 8226 5413 7868 5531 9302 8292 5829 6282 1716 6048 7093 9510 6942 3665 8964 4642 3114 7453 2214 8421 5873 3226 4453 9924 2591 9389 2577 3351 1809 8182 8942 5515 9248 4693 3414 1688 9249 2165 1025 7780 5905 8017 4292 6497 8296 3270 1421 715 2009 3576 7548 1727 4040 3667 4973 7939 6977 4273 4331 7636 7444 4459 692 7830 1836 4968 9004 83 2442 5950 2196 8087 964 4748 656 4542 4202 9832 2116 4539
5598 5825 6134 8941 1426 5409 8025 3742 7321 2438 1973 3178 8219 985 5231 4579 9841 1863 2720 356 3956 7838 941 656 5197 9828 2262 588 9754 5348 5466 1589 3152 7423 1480 2024 6850 1250 8983 8101 1090 9045 505 4009 1397 5561 9988 8238 4510 3428 5671 2554 37 5553 8765 941 1183 1260 3020 497 4579 6760 6609 8432 7896 7651 2524 9619 3928 2010 4534 6384 423 1171 4508 6082 9507 1758 4763 7516 4256
2960 4695 2779 5819 9889 2816 8415 9438 2371 5278 9259 220 8213 3121 5109 4433 8545 7383 9841 6562 3165 9075 3129 2070 6083 2674 268 8394 9173 6275 118 3179 7535 9157 4588 3659 7094 1826 7527 6415 516 4610 180 7595 8259 5871 1707 6283 3615 2468 3394 3900 2025 2141 2914 9276 9119 1898 7608 3377 1951 7275 6329 5972 9736 8440 8602 3204 4962 7551 947 5148 6264 9888 5981 3108 1052 9528 6045 1730 2031
9814 6367 4124 2781 5519 4625 9874 2044 9351 1250 6849 8414 1245 4608 628 7957 4977 5370 4581 8398 2403 1118 8257 5852 3717 366 7978 9087 4513 356 86 9936 7553 8218 1307 3273 2939 4879 2814 8173 6405 1255 1898 9095 98 34 1424 3072 8624 7914 8752 4427 7874 2618 273 9030 7187 2981 8835 5363 659 1543 1606 6952 4853 9302 9720 2575 2638 1189 3477 4710 1976 4108 3360 1811 4495 9526 588 43 619
4047 1601 8634 5332 9118 2455 4608 8746 5141 1768 8885 3695 416 6328 8984 9585 6017 2948 4941 7155 8059 821 1252 9283 1956 7985 3077 8116 5262 5079 3564 4244 870 7322 46 4623 3960 6182 6390 1385 8553 2800 8496 3598 6202 7618 270 7504 7842 9536 3893 3299 3835 9010 7791 8839 2128 6552 6043 9953 3340 8146 7718 7721 4923 2215 3167 4822 8283 3728 118 1181 2036 8192 5764 1183 5973 2443 930 563 9363
6415 2887 3645 5285 2859 1230 5320 501 4036 1441 3483 2088 624 2607 8315 9213 8422 6018 3569 8164 5417 30 9847 6569 2802 7497 5325 9907 8800 7623 5639 3323 6331 1435 2229 9581 2969 6281 8614 5383 5607 1233 6441 5177 24 6539 5529 8467 3289 3903 9374 9333 8036 8792 5473 4809 1286 180 8556 687 5504 5995 6177 5570 50 6543 6254 9707 8055 8450 3189 3096 701 472 2530 199 2736 7637 1773 595 5279
194 950 8194 588 8613 237 1284 7564 8358 2315 7918 4559 5848 2163 2175 8985 8779 5500 1103 6609 368 2202 751 772 109 6652 2657 5934 6694 167 9432 7152 7208 9122 5385 6456 388 5990 9322 2767 2184 3009 1829 5302 4632 8525 5253 4787 8217 2070 8998 2171 9899 6728 7261 1942 1198 877 4021 6328 5116 3306 6194 4755 6221 7296 9118 7115 3642 9948 8786 8658 7591 3924 727 4918 1669 747 6692 8014 306
4213 3250 975 4930 876 8458 9549 7771 3996 5517 1271 2080 3560 4402 8911 625 7232 5586 5096 6299 4966 583 5368 3520 3167 5833 2268 2094 7438 2986 293 4912 3198 1848 3793 5044 9272 3866 1445 8789 3607 8246 1937 7595 20 6997 4877 9540 2711 5451 4567 4757 6722 4730 3496 4268 7985 7473 1115 3961 1023 2694 7144 9104 9105 5330 87 7168 299 1383 6160 3102 2815 767 7138 800 48 2877 184 6127 4040
7606 1629 8491 1933 1348 3354 7722 1015 9960 8907 7591 2418 5605 7153 9686 192 9461 3199 542 5822 1039 952 1886 2640 4738 2426 3143 8848 3313 1312 7210 2113 5983 3664 1207 1365 1393 7081 6338 1443 73 2017 5539 4086 9712 2503 5261 6159 4704 7072 3819 583 4668 391 8508 5196 5069 2422 3416 3579 1083 7900 93 1914 2834 3857 4333 4024 2910 610 7554 1887 3042 4808 8573 4981 2447 4395 9404 132 2111
2284 9658 8641 5131 6880 4991 2251 9159 7095 5938 9392 5961 951 5622 5073 9187 5613 7885 8416 4485 7277 8120 9254 2809 7139 7075 8540 2971 2087 8870 6217 6915 4212 2927 2887 9141 4582 5938 1914 334 7564 6613 7353 5544 7036 9475 9470 752 3488 9935 1451 8987 6971 7585 4784 3442 2227 9362 5592 1837 5453 370 7478 6766 5853 8178 7192 1297 8866 1566 3125 3356 5813 7252 6941 4375 783 1468 1156 7096 8266
7594 3277 1554 6948 8707 1755 700 2253 5563 4750 4497 3259 5656 6476 1082 5857 9595 1335 5689 9716 3539 8389 1161 7643 3139 5844 7928 9018 3821 6632 7251 979 180 8501 1750 8403 3952 730 2333 1394 1151 5044 3807 546 2424 6808 7045 2336 8686 1124 2893 7326 2224 3126 257 970 9921 7524 8620 407 2660 6219 1713 8216 1065 5133 994 8126 6146 6211 1813 6141 717 9734 8383 5584 1145 5629 376 5081 5370
4836 1131 4929 5796 4707 7586 8210 8644 1116 7865 6173 8308 6186 9996 6838 3597 5773 7787 2992 8237 9557 166 7978 8924 2501 5160 7326 683 6505 663 1695 6562 3767 2070 9564 7736 5753 2996 8174 3683 2892 2365 1002 1915 6130 1745 5811 8345 8221 401 5826 2233 9807 5049 9370 4421 4756 7637 340 7473 4016 3790 9332 1020 9767 8333 4075 4732 7625 8627 9535 542 2221 2482 8741 9780 5210 8342 4691 1225 4499
1301 5043 2506 9185 7853 5601 7239 5545 3908 6935 9872 2494 4440 1210 5087 4198 7955 4303 6402 1208 9352 4118 4052 9926 8613 7349 4434 5030 4243 2167 6588 3140 9312 7644 8015 921 1761 4304 3225 4956 7196 3049 4836 2633 5938 9774 309 1253 27 1255 1989 7093 7305 8321 5431 9298 5538 7387 6727 8114 8906 4061 6900 4600 4395 2667 8210 7067 8038 1301 6132 1333 1119 6850 5311 1531 4038 402 9218 750 7261
2949 6290 5195 22 1963 3427 2865 1791 2595 6895 8371 7880 3625 6841 3498 2724 2364 2077 3062 9636 1002 382 9872 3990 522 5145 8016 4660 9649 3467 2853 4495 4077 1268 8010 7783 7767 1168 8595 913 971 2905 4717 7684 3590 8051 7448 3115 6276 8653 6355 7580 3573 9220 702 1917 7751 8325 6229 3398 323 976 711 5393 6383 4183 6802 1000 3280 9609 7284 4882 8055 9240 5798 3989 3810 5618 3866 1261 4131
103 9311 1898 1236 8269 4599 4960 648 7044 4109 3954 967 6624 962 5142 7872 6723 106 4184 9637 5425 2349 8696 1936 2637 906 4003 7959 7368 241 5446 5089 2725 731 9657 2481 5800 6409 4872 1366 7874 3776 7731 1397 1317 2340 2165 8711 7599 8192 5751 4346 4167 8185 10000 5502 322 5081 8414 2673 238 5931 9096 1967 7620 8126 9036 8695 9876 8073 7207 230 3445 8455 4433 301 351 4579 4685 5412 4110
9001 1287 6631 6885 5736 9770 5072 5895 1107 3002 3053 2633 400 8123 8748 6900 5795 3376 3650 286 7824 9283 6555 1765 7570 9211 8700 6548 2717 6584 6776 8933 7484 5543 6511 1961 6941 5421 7579 1209 3169 7175 3219 3322 4663 3389 9633 9793 1411 3248 4563 3709 2734 4370 6043 5924 6402 2089 9301 8119 1811 8450 7238 804 7388 2048 5813 9892 2160 2113 8022 9421 6825 4682 8018 5370 435 931 9132 4783 2963
6225 7790 5499 519 1223 8085 8756 586 1646 1479 4302 7913 1679 8509 3971 5132 1113 3961 1213 5612 6157 6627 6340 9676 6274 8545 5151 7006 2755 1934 6026 8063 3440 7967 9121 7577 7921 8198 4996 1365 2392 6110 9368 4341 4223 3375 316 848 167 3137 2385 7771 7626 9655 5954 8210 2036 473 7992 1274 8903 6259 2695 5419 808 8410 6863 6432 6786 7373 2591 2445 4729 3294 5198 812 6449 6733 803 792 7968
5987 9345 7266 4545 6835 253 8736 9316 8193 8588 6486 2885 5382 3819 2471 2081 4469 3065 1330 6704 6042 4161 45 2386 5790 3800 8059 2203 2882 3645 4553 3117 9333 9429 7406 7402 5877 6404 1229 160 8651 9565 8974 2385 4684 9933 6857 1131 274 4325 1289 4671 5649 9212 1848 6657 3007 2423 4460 7660 9998 5630 2297 7912 1375 9871 4334 3463 6025 2542 1884 708 5930 7498 3660 5896 5419 1971 5649 4875 7871
2835 9034 8697 3217 6152 495 3338 7499 6276 5745 5382 2168 9595 9429 9457 4497 6642 4592 2273 4739 386 5359 1999 3085 1163 775 7306 3339 7614 7790 9905 1530 2683 9673 4465 1472 3518 6989 6801 1534 1610 8376 3155 763 571 8135 5683 5720 400 1519 1206 4034 4251 4903 2072 3022 162 6384 2117 3930 5739 8256 7002 4510 9330 9697 2522 8915 5338 6975 6522 4688 3146 2922 1721 1007 5167 4938 3277 6299 9465
8885 4730 7470 6742 4882 3250 6848 6070 142 8363 7856 971 7369 1518 4265 312 2396 1137 1421 7829 2534 8344 2567 2439 2640 8029 9094 8791 2570 221 3806 9998 9518 9826 7679 1052 4905 8954 7329 4279 5472 8126 4271 7456 9052 5910 9259 3226 4570 297 7649 9112 7012 6940 1678 2914 6960 7078 1098 7959 5855 7226 2579 6378 8691 4202 7317 9761 4817 681 5758 1582 7388 9172 205 891 5318 2971 8597 4670 5265
9481 1249 6938 1261 4004 1069 5980 9273 7083 466 1623 5310 8168 4006 8541 7531 9412 4430 9665 5570 5573 7081 2883 3973 8607 9497 8269 6516 4245 9261 1016 78 4274 4470 7643 9153 6240 3677 8031 8934 7483 3321 2557 9550 8528 4712 6156 9376 6821 3537 9443 7845 779 5016 7987 5352 6080 2799 4174 2076 2553 93 5453 4140 9727 1968 8896 2988 8291 1117 6148 9714 3476 2861 4795 7391 515 1494 3819 6625 71
8310 1669 2826 846 7593 273 8751 9365 7055 2523 2813 413 5472 5827 488 987 2460 6489 8140 9481 422 2079 3967 1426 9868 7177 9593 5684 6953 4672 143 4585 201 8800 1020 4871 6929 2685 4591 5027 2500 166 6381 6548 3351 8162 2629 6176 8721 6335 1833 9592 3533 3041 1799 9787 1394 6534 6151 6250 4665 9513 7188 365 4936 910 6405 7265 8506 550 9880 5140 9946 6057 7565 9823 6187 3059 141 7009 5388
144 5202 2557 7548 9185 141 9918 8502 9948 2145 5950 3850 19 1694 8539 4681 9781 9865 867 9524 2451 1658 8971 9595 2551 9564 1655 1980 6883 6949 4121 2182 7054 2104 3823 7813 4712 2678 2441 3521 6977 8352 1117 1710 5798 8652 5289 9400 1183 4194 5484 5849 3932 5151 2522 1025 1048 8188 8832 7390 8440 499 646 586 3658 1954 8108 7774 4736 3077 1184 5867 9466 8411 7689 3268 5881 6938 910 3167 7351
9000 6965 8463 9437 3515 8037 5323 6459 6866 4885 8498 1282 3338 2908 6139 2328 780 2658 5000 2926 4330 6438 8011 8251 5427 2530 7001 6644 5592 4703 136 6828 7260 9699 5036 3914 1766 6969 988 7203 2258 3430 2076 1547 339 1726 8347 1896 7784 6964 1689 7014 8667 4276 9579 1407 475 9110 2826 9541 5973 6499 3413 535 8889 5563 2992 2420 786 3546 1940 6979 8547 5226 841 836 2823 3316 5565 4616 18
7795 9868 5990 2427 3141 9051 7795 5314 4875 5730 724 6113 8679 1881 101 142 2669 2852 4165 8876 3865 2537 5976 9 3184 3941 8837 7974 6772 5727 9710 845 4058 9266 6075 8854 7639 9725 1660 8063 6032 522 5464 5820 2594 5639 8287 1791 3808 6858 2526 6977 147 1099 5880 9124 2121 1152 6655 8435 2981 4107 2026 3141 177 857 9453 4041 5754 2869 3932 4891 4993 2155 924 3535 3513 4737 2732 4683 5134
4789 6304 9187 9484 2177 2347 8400 2018 5319 2987 8063 4591 1316 5007 3430 1923 8038 2517 5528 5671 5850 7561 6842 7993 6266 4853 5575 9717 4670 9627 732 245 1593 3352 4272 4710 4494 4736 6233 7426 6235 8216 8855 5486 6910 3330 8375 5331 2656 5216 6014 5545 3412 4067 2413 2146 8551 9910 7738 5576 4556 4624 2776 5129 7168 3119 640 310 5293 9669 6148 5875 8374 2141 1873 9696 4431 7908 9184 7243 9155
834 9347 3149 5396 1243 7970 3544 8497 160 1260 3904 4298 1087 4660 5114 1172 1080 6865 8132 9681 3113 9208 8763 8160 7299 4911 3120 8760 8979 4942 7147 2342 5039 126 7589 8475 8466 8618 1241 729 6754 741 304 1314 4748 1549 7896 5471 5741 6618 6387 2830 7535 7519 4236 3359 1848 2301 2925 9830 6649 5417 7560 2576 4555 2133 98 7148 8356 6820 6112 7903 2548 2548 8522 1679 817 9226 7838 7476 2886
1287 917 3976 3517 6734 2966 6752 8679 1431 2621 2100 6925 197 7609 7678 6073 411 2086 2726 2606 5427 7732 2873 9082 3015 854 3505 8348 4006 5626 4605 1036 4857 5117 6255 3580 8212 9858 2807 2717 6388 9859 7706 6519 4346 262 2291 8411 5581 2647 2040 6061 2748 7007 691 7538 5382 1804 3760 5573 4643 8843 3357 4435 6139 5128 5708 1551 6145 489 8960 2378 5471 1062 934 9568 5561 6224 1399 9685 1198
9434 248 319 3371 8008 5852 5199 8736 3296 7988 9818 1294 9768 185 8411 838 9440 9820 7789 1462 2905 4253 7423 3369 4316 1201 526 2249 3850 2788 6470 6611 4889 9603 7058 5827 9284 2165 7890 8389 52 5708 893 3404 7119 4575 6672 9005 2823 6566 8193 3137 5347 3273 6428 1655 1663 2340 9586 9421 1175 4132 5739 2520 1883 6478 2003 2101 392 1992 8213 6798 5890 7945 3167 7663 9225 910 4790 9286 7321
1420 4483 6068 4827 1321 7505 6576 1546 2814 3337 2721 2228 9023 2707 2683 6288 3657 7559 1446 9632 5313 2575 4802 8063 8421 8145 4348 116 9671 5122 8332 8376 3387 5123 847 7973 983 3262 356 4135 939 3723 1714 2287 594 1827 9270 1713 2540 4146 7199 2584 9639 9607 6719 4979 8042 8596 2040 9854 1628 1622 1183 2201 9368 4357 7247 3788 2130 3261 5671 1406 6482 9654 2581 8481 7160 4786 5226 9956 7910
9478 3401 1178 679 2212 5500 2212 6962 4848 9383 324 4688 1591 1443 6337 6071 8667 2246 3217 9202 4797 3619 3231 1774 1564 3952 3088 180 9714 4834 6246 6822 150 9355 5951 5452 7663 6187 861 6393 4458 2653 1253 454 7596 5629 3720 4966 7913 1648 725 3649 2338 4056 7623 7073 6612 3593 6560 5192 4733 9730 6130 2486 8615 4408 1557 9331 4047 8801 156 1346 5148 3619 7195 7657 124 3376 6642 5624 4757
7953 3714 2903 1130 6932 5030 7444 4634 5430 6972 5294 1252 2291 8309 2255 220 5852 4575 2978 1956 3771 7955 9522 7606 6008 896 6366 7495 8951 6218 1287 911 8924 7334 1213 3305 6247 9796 9383 2828 3892 4932 5846 317 7046 9890 4008 7602 5608 5945 8157 4561 1685 4396 6233 1079 2980 9872 3170 2637 3710 4349 3086 5568 1442 5805 9320 3158 3202 5721 1078 4834 5764 1546 9017 5146 8751 2455 9549 1994 6254
8691 3302 8545 491 3089 1290 4263 9893 6539 9262 3495 3134 381 4322 1449 7733 5113 9894 7369 7505 9580 1252 6590 7805 9713 8627 466 158 1073 5963 9482 1235 5641 4493 4111 7021 5043 344 1435 6657 2591 6821 3497 2751 1724 1712 8547 9848 8977 3917 2274 5108 8724 234 3083 5985 5457 1513 8058 770 8620 9070 9892 4663 8748 3851 8404 2986 8800 8117 2251 8162 2854 6876 6858 5698 3890 8790 8588 29 2054
2204 713 251 426 8825 2550 6905 9845 2613 8301 6167 266 8772 2418 3866 5497 1780 2740 6309 6289 5396 5915 1766 3153 1929 1392 3966 8441 4301 4737 5894 5818 966 7306 7255 60 4416 3819 1034 1316 5705 4598 770 8973 3179 3772 2422 6907 4428 1804 6066 9120 6240 5152 4330 9793 4321 7846 3535 7833 7999 1009 5927 7451 7021 1731 6230 9206 5988 7621 8914 3911 5265 5879 1639 8976 1069 713 2392 2250 5134
6059 8074 9335 3355 923 4497 9792 9936 4859 8230 9808 9312 2430 9879 8157 9737 355 7866 6485 6855 7766 2539 4727 8189 2340 732 5529 7886 1698 5552 2627 4858 4846 2925 8556 4843 1571 8392 609 7634 8240 810 4733 1104 9960 3072 5612 8355 7207 9694 8221 3109 8699 3814 2334 7225 7751 5298 3506 2073 9315 4657 7528 5167 1047 9760 1000 1377 8667 836 3122 7547 2694 3397 2767 2125 7590 4425 6050 7313 7843
1433 793 1601 2270 1654 4776 8710 7862 4437 4739 3587 470 1260 6156 5720 7474 3551 5160 2701 6710 1938 8093 6316 6267 6310 1836 5372 9109 4959 7971 9347 9597 508 9711 4043 3809 6912 492 8502 6633 7303 9558 7967 9733 3431 5334 5417 1456 4856 690 52 8404 7075 1689 7876 8401 7465 9664 3516 8145 8925 9552 3686 198 5238 3147 6964 714 5756 78 7920 146 5379 6545 4236 5275 9547 7658 2641 4197 5890
8528 7422 8316 4924 9591 9101 8484 3543 695 5880 3846 6633 9356 8080 3279 1137 2703 5043 7553 3413 5571 7384 8323 4361 3966 7305 4375 2874 3549 8371 7447 7935 9228 205 3492 6379 5871 7020 4190 7666 3964 7711 9982 2388 415 2212 2893 3384 4602 4742 8208 6743 6300 2677 5287 7156 3458 9615 8641 6789 5664 3891 1134 1247 6769 1828 2242 5954 7132 8608 1419 8406 3976 440 6703 786 6922 2969 3018 9186 6915
1336 2103 6451 1953 2608 2927 8207 7709 1036 3583 9895 3197 5600 235 2716 2750 6697 5253 2436 8201 7181 8401 9519 8537 4614 8972 479 5725 7387 86 3562 8599 8045 3410 179 4261 8799 4164 6712 1922 4418 1374 9677 7015 261 7559 1237 3606 9429 6979 3286 7320 3582 9169 1943 9915 1577 8309 8102 6389 7197 3529 3841 6240 3633 6573 8678 2556 874 8275 4430 9095 6094 9279 9527 8346 6038 6178 2216 6876 2208
140 9741 8015 2479 425 5862 3782 7488 6907 4146 3340 3464 5789 1948 6123 8444 3819 9169 4775 3630 210 8230 9796 8566 4865 1072 6282 6046 6617 5390 2444 2152 1124 7872 8752 668 5860 8946 2260 8016 505 5678 5500 2844 5230 1358 8168 6558 4120 7208 3179 4329 4159 176 9322 9605 5512 2546 3905 3780 4362 730 4128 4904 3535 752 7573 8997 9192 3964 3416 4850 5473 944 1204 6967 4924 7174 2431 8799 610
6407 8376 240 5653 6565 9921 3879 3510 5947 3222 4452 900 5589 4706 5741 7905 4106 2214 4833 4136 4811 4614 8009 704 9613 3370 3998 7010 2752 4175 1702 5801 9992 2619 806 905 3896 8355 264 62 9875 4822 4811 9143 1780 9395 7232 6699 2960 3591 5146 4784 2675 3161 859 426 4093 617 1833 8472 8056 6170 5305 3526 2658 8581 3312 9442 8012 2092 9381 2227 4563 9819 9113 5887 9373 8966 9713 1802 6029
4899 7020 6298 6784 7465 7582 5993 3639 9106 5860 8339 4664 3778 670 7769 1592 693 6607 5893 1613 9072 4379 5694 5319 4616 8418 6475 5848 1152 5873 1733 1986 2813 7838 8741 7056 1449 7140 1891 5521 4566 8532 293 631 9285 9315 5832 8328 2469 242 8061 5573 594 8989 4584 3017 169 6976 4939 104 8314 7810 6273 2272 445 6229 375 5221 4765 9678 2737 1435 5817 8609 9953 4283 3138 2882 2242 6219 1881
3576 8889 4845 9077 7894 5310 4755 7116 1156 1273 251 4942 6593 8149 4429 7485 6085 9400 5758 2018 3078 6368 4279 158 7698 8540 4927 9385 7314 5806 8006 7820 2333 9214 2758 3624 2204 2746 5568 5455 1016 4598 6997 1547 1876 6154 76 7312 6098 4068 5246 6710 177 5278 2588 9419 9836 5429 7581 9442 2283 1884 4361 7152 3562 4428 3471 8427 2654 3639 1591 5347 8301 579 8917 3230 9109 2622 960 6047 1731
8026 563 3559 1126 117 6438 1543 1196 4270 9871 9426 2869 5887 6815 3177 8693 4680 1550 5046 9579 2919 6150 1290 7325 9116 4054 966 7033 5639 6966 612 613 9171 6168 8454 5300 7343 6196 2766 7502 4146 2949 4926 8844 4352 4769 1381 7555 871 4092 5577 8716 2033 3182 7154 1314 3710 6629 5006 2627 3187 5243 5327 6002 295 3727 4146 7766 1930 7770 8548 5691 2308 7627 8001 3217 4023 6310 6994 54 3541
4310 3755 8452 6633 2951 9568 7241 3844 3423 5697 935 3093 289 6015 6491 9772 9447 4457 4805 9341 8755 6956 1445 9129 313 3872 7198 1982 4554 9354 5642 881 3608 2389 2027 4016 2717 9106 1325 3261 3492 7953 6994 1511 4272 9125 7110 7945 5647 2044 1508 2386 5525 172 3564 2702 1723 3330 8513 5035 7507 5706 5088 860 1656 7146 5664 4354 2226 3494 8879 1607 311 7670 9507 9203 8670 4501 138 5359 6647
1705 3850 570 8418 590 2525 3493 5995 6624 3733 7840 3187 1831 7020 9742 1729 5422 8781 1236 7029 7986 9834 296 8700 8637 6318 3170 6956 8599 1416 2813 6635 2754 1030 8081 6953 9382 1448 9834 241 2037 2818 4051 4966 7978 8872 6369 8734 3890 8520 5414 6945 6879 2079 1367 1912 278 1642 6608 7362 7723 6050 14 9412 4836 1764 7027 1241 6271 254 9285 1281 624 4433 7652 4582 9428 2473 327 8297 8424
7880 5034 5728 2578 2660 7726 3569 1632 5149 1210 4170 8552 1735 3801 1507 426 1357 2027 7268 1294 4010 3572 9453 2616 9512 497 8985 3312 6386 5535 7204 4118 3876 6949 1545 9934 9616 5802 25 7370 6538 8248 5685 356 9711 1869 5648 2113 6112 2456 761 6780 9233 6173 9918 1762 6010 9612 5502 127 3627 3799 8978 7224 7311 2226 834 2238 8329 2474 7964 8511 1843 2597 7902 6463 1688 9526 781 6292 1048
6755 867 3361 7500 3945 997 4488 7122 2740 9770 7265 354 8909 2705 8742 5261 5566 632 824 3494 1261 2853 8131 1698 2682 4272 202 845 1704 3772 3146 9503 9591 8539 2248 2177 9669 137 9620 3601 8520 9280 1082 6789 8001 9464 9809 4375 4655 8723 6966 8501 8544 4667 9973 3997 4621 9707 811 9392 2406 4726 8683 5878 9736 1439 6045 486 4916 3085 9711 4923 4553 7618 7784 9838 74 5 5661 6032 5026
7401 5108 8032 4472 7101 5183 1082 6495 4709 8907 1581 3822 9353 6 3254 6585 9004 6432 54 4037 547 9235 6578 5299 7338 3344 9652 1106 2777 5104 8538 4786 1791 6912 3200 623 8412 9886 5967 4679 9462 8513 8558 6395 283 890 6150 7261 1639 1840 4727 8570 3014 61 2638 6092 2581 5927 744 2052 5992 5470 4256 7449 8039 701 9828 7703 5418 9935 9238 5803 8345 7947 5022 463 9503 7013 7088 4477 1923
7346 6281 4307 1814 3243 5932 2269 697 5128 243 6528 177 8719 6078 8177 6074 5547 5535 1542 3496 3436 7521 4224 5874 157 5492 4038 9548 2496 9179 8709 802 1120 5904 1216 9633 1868 6248 6095 2161 1337 4547 6008 6072 4302 3484 1517 6920 8179 4638 849 1810 1890 8994 8971 4172 4643 2258 5778 4343 1195 9747 9887 8436 6904 1500 2567 1768 4431 8162 3084 5416 1184 8972 4109 7068 1888 4532 6115 6708 5985
7274 1048 6158 4494 7662 2015 8963 7817 5818 5667 3182 6961 5706 7959 2338 6017 5507 115 4381 603 4149 3981 7515 909 3132 1578 7448 3605 2630 2520 2962 3242 8994 246 9285 2578 7347 2399 7986 6407 6165 12 6177 1188 8886 8576 8026 3620 4603 2900 6551 3142 9625 1000 2537 3121 2070 3927 3849 3290 4997 4051 4927 3760 5117 9526 3586 7547 9554 8045 8090 1048 9226 9447 3979 4343 5672 2458 373 7137 9437
3571 6933 7578 2954 8520 4488 8833 7987 9280 2064 2818 9150 6695 6413 4214 1607 5529 2260 6772 7951 2231 3884 4149 7747 9771 1960 4633 7684 4524 8298 4564 6679 9451 6319 695 5809 6033 1813 1350 9382 3455 6137 8473 6314 9425 1680 3579 7437 8138 7920 3492 3695 3292 5632 9226 1428 1066 855 7071 7211 3705 3432 2349 3155 5510 9492 5020 6310 655 8600 821 5370 497 8394 5042 2753 2628 8028 245 462 3929
7703 9773 5898 6205 825 8426 9809 5292 8150 1986 7228 8174 2825 5682 188 9767 4988 5795 4697 8132 8120 2893 7275 2530 653 5420 9670 4063 4910 5785 4272 5663 8194 8478 9532 5010 3833 9525 9678 6786 6594 585 726 6809 8478 670 3242 7161 9638 4947 5696 8974 8339 4778 5572 7535 6387 59 293 4061 2906 6355 7571 9720 4798 5758 8894 9619 1807 858 2296 304 3100 5995 4622 2589 6093 4936 5044 6406 4084
6605 3084 5893 1600 7045 8438 7388 8565 2014 5997 6413 1335 190 5906 5003 1156 5383 7156 8848 243 9942 8183 5832 4181 6989 845 5856 4457 817 6506 5218 3330 9343 1625 8375 7588 8686 9616 7030 2976 6345 5809 7770 7262 3759 7517 2164 1976 267 4453 9089 5409 4089 1464 2719 5688 8423 6640 3967 2977 7874 168 4744 2990 5368 4195 5403 4924 172 6073 5203 626 9670 7781 4109 2655 939 5183 3354 6074 4477
7732 8916 3371 2401 8897 3472 8133 8156 5225 4248 4802 6782 8922 3701 6695 128 8398 4019 131 2120 6815 870 4481 1929 499 2956 5468 3044 147 7855 7747 2199 2766 6195 6216 5419 6345 7020 9702 9986 138 5288 5200 23 9973 4680 8339 9376 7469 2292 5007 8325 1010 4335 4558 1785 4536 6020 3528 7400 8351 4121 8984 6948 8353 5782 7112 3891 9750 6695 4596 1317 2161 2097 2875 4667 7711 1336 5849 2358 3232
193 9841 6338 8999 5398 4635 4062 9480 3932 3858 3397 1308 2529 5318 2905 8653 2676 7984 6742 1356 8802 6834 3251 6454 6611 7339 4350 5886 4257 1530 6688 1256 6827 7775 7867 7243 1766 1765 9389 7504 8454 7350 1431 1396 5464 1965 3636 4667 4356 700 6204 613 7697 9389 3911 606 2747 2446 4652 640 1997 3576 2622 6595 6062 3227 9392 9070 861 6501 6322 4150 1271 5387 5458 9859 8865 7554 4708 1087 442
7777 7547 2014 4548 8317 9401 4348 8985 2470 9837 1170 7432 6734 2560 2688 4998 1052 1472 5353 7291 4437 5194 2774 9361 1378 3882 4736 5007 4140 1936 2572 4853 3081 6478 7144 8010 2645 4044 2186 9273 5072 1989 7327 7578 7796 8521 8097 4823 9271 8343 4196 1345 7586 4889 6343 5563 9801 215 907 9444 8551 7214 9803 1373 8007 4683 2517 2158 8228 1315 1751 2450 9235 2753 7877 7 6012 7217 47 8268 7968
7025 639 7244 3086 7256 6543 366 8599 8299 8356 1045 625 7120 184 8674 5318 3670 4271 3005 4299 6981 8712 1747 9970 7637 8755 2364 4485 1138 8153 1321 9554 3665 17 9987 5356 4957 4013 3841 7008 327 1362 3938 2690 6823 3820 2975 6132 1410 8570 2604 5994 7932 7451 8872 1933 6665 713 2689 7923 7985 150 3303 6106 3965 6975 8514 2043 6007 4342 4194 5401 9748 2661 7744 8649 2322 8125 8247 5174 4377
